"X" "Y" "Z"
"1" 11.804339 19.343941 27.73171
"2" 11.739777 19.211714 27.37594
"3" 11.804339 19.336164 27.775166
"4" 11.917326 19.421721 28.139099
"5" 11.906563 19.631725 28.72028
"6" 11.922708 19.47617 28.36994
"7" 11.895802 19.390608 28.272173
"8" 12.05183 19.639505 28.598072
"9" 12.089493 19.561728 28.489443
"10" 12.267044 19.802841 28.872374
"11" 12.218621 19.818399 29.168406
"12" 12.213242 19.515053 28.7393
"13" 11.911944 19.196159 27.815901
"14" 11.637549 18.760593 27.047316
"15" 11.793576 18.830589 27.096205
"16" 11.422339 18.441689 26.409084
"17" 11.449239 18.192791 25.898497
"18" 11.379296 18.25502 26.03973
"19" 11.11028 18.099461 25.773569
"20" 11.26093 18.115019 25.898497
"21" 11.126424 17.943895 25.575315
"22" 11.271689 18.59725 26.487843
"23" 11.347014 18.760593 26.686096
"24" 11.29321 18.682808 26.305885
"25" 11.190986 18.900597 26.887075
"26" 11.142563 18.900597 26.944109
"27" 11.271689 19.071709 27.411234
"28" 11.147944 18.675035 26.498709
"29" 10.954253 18.496136 26.319456
"30" 10.86817 18.16946 25.450384
"31" 10.717521 17.858335 25.455816
"32" 10.852031 18.076128 25.358042
"33" 10.776705 17.842783 24.624754
"34" 10.319379 17.228319 23.899616
"35" 10.539971 17.368326 24.442793
"36" 10.830506 17.827223 25.455816
"37" 10.733663 17.656113 25.295586
"38" 10.599156 17.298321 24.469957
"39" 10.593777 17.274988 24.388483
"40" 10.798225 17.687222 24.918074
"41" 10.776705 17.562778 25.040287
"42" 10.771326 17.656113 25.514502
"43" 10.792844 17.89723 25.814278
"44" 10.733663 17.788342 25.806107
"45" 10.701382 17.772781 26.094994
"46" 11.137186 18.317242 27.007973
"47" 11.164083 18.472801 27.116995
"48" 11.239409 18.659472 27.547586
"49" 11.099521 18.519468 27.468555
"50" 11.22865 18.465023 27.438574
"51" 11.395436 18.465023 27.152414
"52" 11.384674 18.32502 27.065203
"53" 11.395436 18.449467 27.416769
"54" 11.239409 18.348354 27.351368
"55" 11.142563 18.122791 27.016151
"56" 10.91659 18.146124 27.277782
"57" 10.895069 17.827223 26.46291
"58" 10.846649 17.873894 26.479265
"59" 11.029576 18.153902 26.81447
"60" 10.991916 17.89723 26.10317
"61" 10.932731 17.772781 25.658934
"62" 11.164083 18.052788 26.400232
"63" 11.147944 18.2628 26.926214
"64" 11.094142 18.52725 27.389521
"65" 11.244788 18.293905 27.266874
"66" 11.368537 18.472801 27.302307
"67" 11.277071 18.496136 27.732908
"68" 11.234028 18.589476 27.822849
"69" 11.207129 18.791698 27.950947
"70" 11.185606 18.783922 27.773798
"71" 11.196366 18.729477 27.493082
"72" 11.147944 18.752813 27.648436
"73" 11.239409 18.923927 27.542141
"74" 11.180226 18.939487 27.724739
"75" 11.217888 18.807259 27.572121
"76" 11.137186 18.822815 27.430395
"77" 11.164083 18.612804 26.937124
"78" 11.325494 18.885042 27.155136
"79" 11.357778 19.017263 27.116995
"80" 11.390058 18.95504 26.926214
"81" 11.384674 18.916151 27.149685
"82" 11.508424 19.242825 27.468555
"83" 11.438478 19.390608 27.621168
"84" 11.390058 19.413942 27.261431
"85" 11.22865 19.266157 27.364998
"86" 11.271689 19.281715 27.525791
"87" 11.347014 19.336164 27.1824
"88" 11.513802 19.289494 27.054302
"89" 11.513802 19.242825 26.72727
"90" 11.589129 19.250605 26.686386
"91" 11.648313 19.421721 27.016151
"92" 11.841999 19.406168 27.247807
"93" 11.599886 19.095045 26.585554
"94" 11.481521 18.853924 26.356623
"95" 11.465383 18.667252 25.841545
"96" 11.180226 18.24724 24.884951
"97" 11.212505 18.309462 24.754137
"98" 11.303971 18.457243 25.318279
"99" 11.325494 18.278347 24.767757
"100" 11.309352 18.293905 24.718702
"101" 11.449239 18.542807 25.288296
"102" 11.26093 18.278347 24.854965
"103" 11.250168 18.146124 24.293547
"104" 11.207129 18.293905 24.696905
"105" 11.07262 18.223906 24.506121
"106" 11.212505 18.286133 24.457071
"107" 11.223265 18.457243 24.944906
"108" 11.379296 18.698368 25.37071
"109" 11.390058 18.807259 25.326986
"110" 11.406199 18.667252 25.430836
"111" 11.503042 18.612804 25.152069
"112" 11.373917 18.083897 24.222828
"113" 11.503042 18.192791 24.430555
"114" 11.64293 18.441689 24.906103
"115" 11.535327 18.356133 24.911558
"116" 11.562224 18.34058 24.74485
"117" 11.605268 18.332798 25.050943
"118" 11.632168 18.013901 24.720249
"119" 11.83124 18.208351 25.157532
"120" 11.836617 18.503914 25.594822
"121" 11.965747 18.791698 26.155094
"122" 11.777435 18.573921 25.939184
"123" 11.890423 18.558361 25.701408
"124" 11.949606 18.892818 26.316338
"125" 12.105634 18.916151 26.075829
"126" 12.062592 18.993929 26.081301
"127" 12.078732 19.165045 26.469387
"128" 12.121776 19.413942 26.920334
"129" 12.374647 19.522837 26.862938
"130" 12.213242 19.242825 26.578714
"131" 12.509156 19.297272 26.209753
"132" 12.385406 19.553946 26.466658
"133" 12.589861 18.986155 26.212484
"134" 12.44459 19.289494 26.291746
"135" 12.509156 19.406168 26.770023
"136" 12.643661 19.569508 27.043325
"137" 12.751268 19.522837 26.821943
"138" 12.541437 19.647284 27.220976
"139" 12.519917 19.763956 27.521608
"140" 12.471497 19.600616 27.138981
"141" 12.353124 19.460613 27.078854
"142" 12.493015 19.460613 27.122589
"143" 12.406929 19.623949 27.425945
"144" 12.320845 19.460613 26.701702
"145" 12.417691 19.437275 26.912136
"146" 12.213242 19.515053 26.974997
"147" 12.39617 19.787287 27.398624
"148" 12.595241 19.826178 27.412283
"149" 12.665184 20.051744 27.453276
"150" 12.514537 19.880625 27.248301
"151" 12.751268 19.896179 27.639122
"152" 12.815831 20.020636 28.349714
"153" 12.923438 20.043966 28.571093
"154" 12.724368 20.043966 28.683146
"155" 12.907292 20.269518 28.664015
"156" 12.842734 20.355085 28.778801
"157" 12.912674 20.238411 28.68861
"158" 12.826592 20.199526 28.614822
"159" 12.665184 20.207302 28.614822
"160" 12.815831 20.176188 28.560148
"161" 12.831972 20.10619 28.459028
"162" 12.928817 20.075071 28.685883
"163" 13.127885 20.253967 29.093098
"164" 13.031043 19.950626 28.792469
"165" 12.993382 19.763956 27.99716
"166" 12.998762 19.865074 28.40984
"167" 13.117136 20.00272 28.043613
"168" 13.043859 19.758879 27.838539
"169" 13.088952 19.695953 27.624699
"170" 13.122774 19.577967 27.630173
"171" 13.336979 19.876869 27.937233
"172" 13.382072 19.939795 28.030458
"173" 13.246783 19.916193 27.854994
"174" 13.269334 19.467846 26.840582
"175" 13.021309 19.153217 26.237429
"176" 12.807104 19.090288 26.423857
"177" 12.880383 18.964437 26.500622
"178" 12.953668 19.003761 26.210016
"179" 12.863475 18.980165 25.922138
"180" 12.981854 19.066689 25.730213
"181" 13.201692 19.491446 26.497883
"182" 13.179141 19.224003 26.229204
"183" 13.167869 19.428514 26.456757
"184" 13.246783 19.216139 26.229204
"185" 13.42153 19.483574 26.813164
"186" 13.393345 19.263338 26.703505
"187" 13.675196 19.648758 27.38891
"188" 13.562455 19.845404 27.553406
"189" 13.25806 19.64089 27.059912
"190" 13.263697 19.782478 27.169573
"191" 13.269334 19.648758 27.018789
"192" 13.500445 19.861135 27.567122
"193" 13.483538 19.931925 27.690495
"194" 13.449716 20.073513 27.934488
"195" 13.449716 19.94766 27.909813
"196" 13.511721 20.034184 27.860466
"197" 13.658282 20.097113 27.868696
"198" 13.748472 20.010582 27.690495
"199" 13.827393 20.112837 27.953691
"200" 13.742833 20.081375 27.844017
"201" 13.658282 20.00272 27.5397
"202" 13.917581 20.372416 28.019482
"203" 14.064143 20.411741 28.057865
"204" 14.052867 20.592653 27.893373
"205" 14.086686 20.616251 27.918034
"206" 14.165605 20.466801 27.665813
"207" 14.159966 20.687042 27.961912
"208" 14.255795 20.624117 28.233332
"209" 14.492544 20.671312 28.299135
"210" 14.515099 20.781431 28.510223
"211" 13.787929 20.049915 27.416321
"212" 13.86685 20.049915 27.482121
"213" 13.810478 19.861135 27.443741
"214" 13.76538 19.570099 26.917355
"215" 12.964939 19.365589 26.544479
"216" 13.771018 19.64089 27.112003
"217" 13.624458 19.782478 27.430029
"218" 13.68083 19.876869 27.580811
"219" 13.669556 20.042049 27.608242
"220" 14.002133 19.98699 27.547928
"221" 13.618824 19.554371 27.08732
"222" 13.849935 19.617296 27.309399
"223" 14.092325 19.711683 27.380692
"224" 14.002133 19.664488 27.150385
"225" 14.210704 19.845404 27.685005
"226" 14.396726 20.13644 27.81661
"227" 14.526369 20.474669 28.293652
"228" 14.582738 20.419607 28.625385
"229" 14.515099 20.529726 28.78166
"230" 14.864584 20.592653 28.98296
"231" 14.548919 20.537594 28.999456
"232" 14.362897 20.458933 28.971958
"233" 14.498184 20.624117 29.205713
"234" 14.627831 20.569057 28.878452
"235" 14.661654 20.726374 29.175463
"236" 14.926592 20.962345 29.321217
"237" 15.050604 20.907282 29.475231
"238" 15.123883 21.04887 29.576975
"239" 15.118246 21.080336 29.535723
"240" 15.417003 21.041006 29.94549
"241" 15.281717 21.174723 29.89323
"242" 15.518473 21.442158 30.250742
"243" 15.535375 21.505091 30.443247
"244" 15.653753 21.827581 30.608255
"245" 15.698853 21.701727 30.421244
"246" 15.704487 21.803986 30.297495
"247" 15.546653 21.552282 29.937239
"248" 15.619935 21.843317 30.316755
"249" 15.569201 21.780388 30.369005
"250" 15.332453 21.701727 30.250742
"251" 15.619935 22.039961 30.819996
"252" 15.47337 21.748932 30.745762
"253" 15.428277 21.929836 30.781506
"254" 15.270447 21.827581 30.390995
"255" 15.292992 21.630939 30.437742
"256" 15.591746 21.992764 30.745762
"257" 15.546653 22.165817 31.075771
"258" 15.704487 22.315266 31.180262
"259" 15.698853 22.598429 31.39477
"260" 15.659389 22.574837 31.389271
"261" 15.924327 22.566969 31.364515
"262" 15.670663 22.338858 30.855761
"263" 15.907414 22.67709 31.477278
"264" 15.839774 22.598429 31.510286
"265" 15.817226 22.86587 31.529537
"266" 15.670663 22.913063 31.620274
"267" 15.777765 23.204098 32.057537
"268" 15.834139 23.385014 32.478313
"269" 15.783404 23.502998 32.813808
"270" 15.665028 23.34568 32.519543
"271" 15.755223 23.306356 32.670811
"272" 15.276078 23.164768 32.043781
"273" 15.586109 23.440073 32.4893
"274" 15.552291 23.447941 32.310555
"275" 15.546653 23.652452 32.868801
"276" 15.727033 23.676046 32.838551
"277" 15.890511 23.959211 33.207066
"278" 16.042704 24.022144 33.641571
"279" 16.065248 23.927752 33.495831
"280" 15.839774 23.620985 32.998062
"281" 15.732672 23.070379 32.327045
"282" 15.884871 23.322086 32.615795
"283" 15.980696 23.21983 32.802807
"284" 15.597383 23.093979 32.437046
"285" 15.794679 23.440073 33.088818
"286" 15.839774 23.699644 33.652584
"287" 16.065248 24.053602 34.07333
"288" 16.138529 24.116528 34.147591
"289" 16.341463 23.927752 34.136578
"290" 16.318911 23.581656 33.26207
"291" 16.35837 23.636713 33.897324
"292" 16.262541 23.463675 33.603065
"293" 16.375282 23.259159 33.138325
"294" 16.093433 22.928793 32.621304
"295" 15.783404 23.117569 32.945808
"296" 16.059614 23.400742 32.846794
"297" 16.04834 23.487267 33.039795
"298" 16.41474 23.778301 33.621517
"299" 16.35837 23.849098 33.773151
"300" 16.54439 24.022144 33.825539
"301" 16.60076 24.258116 34.131569
"302" 16.736048 24.305309 34.498238
"303" 16.527479 24.163723 34.316277
"304" 16.54439 24.187321 34.37693
"305" 16.826235 24.722197 35.074463
"306" 16.87133 24.934576 35.416317
"307" 16.893879 24.77726 34.859413
"308" 16.837509 24.855911 34.60025
"309" 16.820602 25.170549 35.25367
"310" 17.023527 25.319994 35.587254
"311" 16.98407 25.107622 35.372211
"312" 17.108082 24.934576 35.256416
"313" 16.905153 24.525551 34.37418
"314" 16.967161 24.470495 34.638855
"315" 16.05398 23.72324 33.52779
"316" 15.501558 23.361412 32.940559
"317" 15.856684 23.463675 33.298943
"318" 15.805956 23.487267 33.166607
"319" 15.524106 23.274893 32.91021
"320" 15.670663 23.738977 32.830261
"321" 15.10697 23.282757 31.625462
"322" 15.490286 23.172634 31.730232
"323" 15.625572 23.227694 32.309189
"324" 16.059614 23.754704 33.075638
"325" 15.383183 23.038919 32.072086
"326" 15.417003 23.101837 32.347797
"327" 15.450828 23.046782 32.270592
"328" 14.864584 22.456846 31.832233
"329" 14.210704 21.921974 30.936213
"330" 13.60755 21.646673 30.685328
"331" 14.052867 22.354597 31.432474
"332" 14.571464 22.559103 31.567566
"333" 14.515099 22.645626 31.291866
"334" 14.994238 23.031052 31.810173
"335" 15.456463 23.188366 32.047283
"336" 15.698853 23.416477 32.615223
"337" 15.586109 23.204098 32.339512
"338" 15.123883 22.6063 31.49037
"339" 15.659389 23.471535 32.433254
"340" 15.287354 23.141172 32.350544
"341" 15.749584 23.518732 32.808212
"342" 16.04834 23.825497 33.519505
"343" 15.557924 23.652452 33.411999
"344" 15.975064 23.786165 33.811745
"345" 15.676301 23.57379 33.442318
"346" 15.693211 23.471535 33.232784
"347" 16.273815 23.841234 33.756607
"348" 16.093433 24.132267 33.946842
"349" 16.285089 24.305309 34.261139
"350" 16.313274 24.45476 34.354881
"351" 16.014517 24.446898 34.263905
"352" 16.53875 25.115488 35.377716
"353" 16.905153 24.98177 35.482498
"354" 16.922064 25.123358 35.669971
"355" 17.023527 25.296396 35.849171
"356" 17.209547 25.304264 35.697536
"357" 17.451937 25.382927 35.31155
"358" 17.643589 25.46158 35.341099
"359" 17.784513 25.697554 35.697239
"360" 17.919804 25.744749 35.545403
"361" 18.370758 26.075115 36.000931
"362" 18.184738 25.8706 35.752457
"363" 18.111458 25.611036 35.393547
"364" 18.088909 25.917799 35.619949
"365" 18.398943 26.413343 35.879452
"366" 18.150919 26.295359 35.476364
"367" 18.635693 26.421209 36.103077
"368" 18.613146 26.562798 36.434372
"369" 18.742796 26.523464 36.486832
"370" 18.87244 26.924618 36.68285
"371" 18.601871 26.531328 37.083157
"372" 18.224194 26.287491 36.969971
"373" 18.274925 26.586384 36.88438
"374" 18.658239 27.1134 37.188068
"375" 17.942347 26.397615 35.691715
"376" 17.99308 26.468403 35.330063
"377" 18.472219 26.570663 35.826996
"378" 18.522949 26.602125 35.965031
"379" 18.573685 26.665051 36.390202
"380" 19.120468 27.168461 36.895447
"381" 19.345947 27.648273 37.177048
"382" 19.075367 27.380838 36.136215
"383" 19.565786 28.379791 37.083157
"384" 18.816074 27.632544 36.257679
"385" 19.019003 28.246075 36.88438
"386" 18.601871 28.041569 36.5807
"387" 18.979542 28.647232 37.569069
"388" 18.663874 27.962896 36.5807
"389" 18.827345 27.530289 36.818134
"390" 18.156551 26.932489 36.172089
"391" 17.339199 25.697554 34.476967
"392" 18.173468 26.318954 35.145077
"393" 18.179098 26.161634 35.238953
"394" 17.621044 25.091888 34.289246
"395" 17.835245 25.430119 34.797222
"396" 17.384295 24.792988 34.189835
"397" 17.699959 25.178411 34.998768
"398" 17.017889 24.549145 34.349968
"399" 17.226456 25.052561 34.943531
"400" 16.967161 25.115488 34.280952
"401" 17.277191 24.714329 33.841976
"402" 17.840885 25.406523 34.485252
"403" 17.677412 25.493042 34.758564
"404" 17.835245 25.099752 34.755806
"405" 17.761969 25.013233 34.990486
"406" 17.525219 24.541286 34.631565
"407" 17.745058 24.863785 35.194771
"408" 18.083271 25.123358 36.133453
"409" 17.902889 25.225611 36.199711
"410" 18.246742 25.382927 36.456451
"411" 17.767603 24.698603 35.481899
"412" 17.981808 24.942436 36.332226
"413" 17.852158 24.737928 36.321178
"414" 17.091171 24.604212 35.818714
"415" 16.459837 24.40757 34.89661
"416" 16.53875 24.383968 35.407349
"417" 16.459837 24.517685 35.633739
"418" 16.475752 24.619944 36.028542
"419" 16.929646 25.139082 36.94236
"420" 17.094698 25.56031 37.17979
"421" 17.112381 25.655863 37.563541
"422" 17.00038 25.63994 37.536983
"423" 17.165434 25.910673 37.642117
"424" 16.988592 25.576239 37.177322
"425" 16.965015 25.799192 37.75555
"426" 17.047537 25.910673 38.109673
"427" 16.558277 25.26569 36.944935
"428" 16.517019 24.907366 36.505058
"429" 16.369644 24.756077 36.131565
"430" 16.575966 24.819777 36.513359
"431" 16.823538 24.923296 36.408222
"432" 16.310701 24.525164 35.979401
"433" 16.587751 24.740149 36.651684
"434" 15.915754 24.071281 35.351391
"435" 15.703544 23.418343 34.07877
"436" 15.155334 22.74151 32.678867
"437" 15.379331 22.717623 32.750805
"438" 14.654283 22.582254 32.048092
"439" 14.677861 22.813173 31.954037
"440" 15.296807 23.553705 33.19899
"441" 15.791966 23.601484 32.941708
"442" 16.063122 23.553705 33.55312
"443" 15.833228 24.047396 33.766125
"444" 15.444176 24.087206 33.674843
"445" 15.845019 24.111099 33.597378
"446" 16.758699 24.620707 34.194958
"447" 16.369644 24.206648 34.26965
"448" 15.597441 23.697037 33.005333
"449" 15.485437 23.760738 32.391136
"450" 15.473651 23.537783 32.83934
"451" 15.46186 23.919994 33.442455
"452" 15.550279 24.166834 34.261353
"453" 15.762489 24.119062 34.026207
"454" 15.479545 24.549046 34.919792
"455" 15.520809 24.349976 34.78701
"456" 15.756595 24.19072 34.654213
"457" 15.821439 24.342018 35.622513
"458" 15.632804 24.708302 36.142632
"459" 15.591542 24.692377 35.456516
"460" 15.815543 24.819777 35.926846
"461" 16.316593 25.44087 36.734692
"462" 16.475752 25.90271 37.384827
"463" 16.634909 25.90271 37.163513
"464" 16.393225 26.237141 37.855137
"465" 15.644597 25.488647 36.704243
"466" 15.809647 25.297541 37.072208
"467" 15.373438 25.00292 36.485687
"468" 15.679965 25.488647 37.395893
"469" 15.214281 24.979036 36.593582
"470" 14.866492 24.708302 35.912998
"471" 14.577649 24.087206 35.240734
"472" 15.184806 24.787928 36.637852
"473" 15.114071 24.795893 36.1703
"474" 15.249646 25.194025 36.895149
"475" 14.901864 24.859594 36.408222
"476" 14.565859 23.991659 35.0443
"477" 14.949019 24.437569 36.098354
"478" 14.683757 23.107798 33.921066
"479" 14.642494 23.107798 33.821476
"480" 15.043332 23.649261 34.291794
"481" 15.043332 24.238503 34.892128
"482" 15.343965 24.286278 35.628059
"483" 15.237861 24.286278 35.395653
"484" 15.196596 24.095177 35.282215
"485" 15.184806 24.134989 35.334789
"486" 15.556174 24.429611 35.794044
"487" 15.738913 24.764038 36.36673
"488" 16.069017 25.090511 36.521656
"489" 16.263544 25.178101 37.016872
"490" 16.310701 25.186064 37.097115
"491" 16.316593 25.225876 37.337799
"492" 15.921647 25.146254 37.525917
"493" 15.880389 25.409018 37.6283
"494" 15.621014 24.875519 37.033474
"495" 15.485437 25.066622 37.625515
"496" 15.797853 25.297541 38.065407
"497" 16.440382 26.26103 39.296535
"498" 16.139753 26.069929 39.202477
"499" 16.133856 26.396395 39.91901
"500" 16.61133 26.603426 40.259312
"501" 16.422697 26.619354 40.151409
"502" 16.735119 25.88678 39.600861
"503" 16.463966 25.743452 38.662994
"504" 16.463966 25.99826 39.324192
"505" 16.369644 25.982338 39.221851
"506" 16.186911 25.472721 38.306118
"507" 16.375542 25.846968 38.582756
"508" 16.481644 25.767347 37.94368
"509" 16.758699 26.205294 38.599354
"510" 16.864799 26.308809 39.221851
"511" 17.00038 26.874161 40.239941
"512" 16.422697 26.667126 39.849861
"513" 16.870701 26.874161 40.748993
"514" 16.970907 27.017481 40.583
"515" 17.401226 27.431553 40.621719
"516" 17.247963 27.288218 41.100342
"517" 17.348173 27.280258 40.638325
"518" 17.613436 27.76598 41.399147
"519" 17.872801 28.124306 42.588776
"520" 17.796165 28.180046 42.98439
"521" 17.5368 28.466698 43.565376
"522" 17.37175 28.140232 42.93182
"523" 17.471958 28.195971 42.483639
"524" 17.171331 27.973015 41.852879
"525" 17.253855 27.423584 41.371479
"526" 17.171331 27.845606 42.065891
"527" 17.100594 27.614693 41.092049
"528" 17.253855 27.877459 41.531937
"529" 17.00038 27.797836 41.706226
"530" 16.61133 27.391741 41.114185
"531" 16.546484 27.192669 40.480629
"532" 16.858908 27.781902 42.212509
"533" 16.517019 27.598766 41.891594
"534" 16.328386 27.566919 42.724346
"535" 16.104385 27.041374 41.598335
"536" 15.962914 27.248411 41.930328
"537" 15.709438 26.850271 41.177818
"538" 15.968806 27.049339 41.507038
"539" 15.833228 27.495253 41.794781
"540" 16.110279 27.877459 42.558331
"541" 16.063122 27.853575 42.751991
"542" 16.145651 27.383772 41.761566
"543" 15.697647 26.921934 41.412968
"544" 15.756595 27.121 42.793636
"545" 15.768388 26.754717 41.988659
"546" 15.88628 26.73634 41.661133
"547" 15.644597 26.448689 41.541775
"548" 15.856807 26.560551 41.94981
"549" 15.603335 26.496626 42.535488
"550" 15.31449 26.560551 42.790844
"551" 15.072806 25.993219 41.15316
"552" 15.061017 25.809435 40.772888
"553" 14.925442 25.425896 39.804153
"554" 15.013863 25.521778 39.187931
"555" 14.807548 25.298042 38.446812
"556" 15.072806 25.593693 39.687572
"557" 14.890073 25.465847 39.718121
"558" 15.002071 25.601686 40.198311
"559" 14.719123 24.89852 38.616142
"560" 15.102283 25.298042 37.930527
"561" 15.131756 25.138229 37.0756
"562" 15.025653 25.266081 37.430897
"563" 15.455963 25.673599 38.491226
"564" 15.455963 25.457861 37.400356
"565" 15.597441 25.186174 35.868149
"566" 15.255541 24.419083 35.48233
"567" 15.149439 24.658804 35.840397
"568" 14.595337 24.403103 35.815418
"569" 14.725018 24.483011 35.39904
"570" 14.837018 25.194166 37.256027
"571" 14.66607 25.050339 36.12352
"572" 14.259337 24.610861 36.015259
"573" 14.123754 23.811802 34.058361
"574" 14.247544 23.891712 34.041706
"575" 14.365441 24.171379 35.040981
"576" 14.117862 23.835775 34.458084
"577" 14.135545 23.452232 33.89183
"578" 14.082492 23.308397 33.625351
"579" 13.917444 23.244476 33.650337
"580" 13.758283 23.612043 34.941071
"581" 13.669864 23.644007 34.42477
"582" 13.593232 23.268444 33.700302
"583" 13.575552 23.148588 33.392189
"584" 13.410496 23.148588 34.29985
"585" 13.717022 23.667974 35.407379
"586" 13.722913 24.371141 36.389996
"587" 13.740599 24.163382 35.682178
"588" 13.546074 23.779839 35.215855
"589" 13.581441 23.827785 35.765453
"590" 13.758283 24.299227 36.373341
"591" 14.123754 24.562912 36.048576
"592" 14.041229 24.275255 35.690506
"593" 13.699337 23.412275 33.783566
"594" 13.55197 23.244476 33.433834
"595" 12.773868 22.469395 32.61776
"596" 12.726705 22.645184 32.667725
"597" 13.198287 22.357525 32.068169
"598" 12.420179 21.334738 29.778168
"599" 12.64418 21.926039 30.869041
"600" 12.520393 22.261641 31.343685
"601" 13.121653 22.701118 32.426231
"602" 12.178499 21.54249 30.244495
"603" 12.34355 21.67034 30.902349
"604" 11.636185 21.023106 30.294466
"605" 12.225657 21.550486 31.127184
"606" 13.139338 23.180553 33.50045
"607" 13.36923 23.27644 33.142368
"608" 13.221863 23.068682 32.342949
"609" 13.381025 22.940834 32.284672
"610" 13.575552 22.900887 32.701031
"611" 13.322078 22.189724 31.951584
"612" 11.671551 20.615587 28.937122
"613" 12.107762 21.047077 29.953043
"614" 12.231547 20.895256 29.245228
"615" 11.553658 19.185284 26.713753
"616" 11.482921 18.801739 26.49724
"617" 10.085871 17.842871 25.13991
"618" 10.03282 16.812096 23.441145
"619" 9.407979 17.227598 23.599369
"620" 9.1604 15.917151 21.634136
"621" 8.494296 15.062164 19.81048
"622" 10.256819 16.923962 23.074755
"623" 9.773449 16.300699 22.999805
"624" 8.800824 14.982257 19.302523
"625" 9.407979 15.022205 20.235167
"626" 8.901032 15.237953 20.518299
"627" 9.850082 16.212801 22.89155
"628" 9.242927 15.325855 21.60083
"629" 8.582717 14.031384 19.377468
"630" 8.612189 14.11129 20.07695
"631" 7.804613 13.735736 19.310846
"632" 7.4863 12.617061 17.945179
"633" 8.488402 13.735736 20.026981
"634" 8.458928 14.486846 20.851379
"635" 8.983561 15.381786 22.217047
"636" 8.836188 15.325855 22.316969
"637" 9.313663 15.637486 21.684103
"638" 10.079976 16.844055 23.516098
"639" 9.567135 16.124908 22.36694
"640" 8.777245 15.357813 20.893015
"641" 9.166296 15.357813 21.759045
"642" 8.741876 15.437718 21.892284
"643" 8.417665 14.870392 20.992947
"644" 7.869456 13.639848 19.260885
"645" 8.559138 14.670629 21.44261
"646" 7.875351 14.007412 20.401714
"647" 7.598298 13.703773 19.868771
"648" 7.592403 13.607886 20.584913
"649" 7.026509 12.992618 19.152628
"650" 6.460617 11.562307 16.754393
"651" 7.291773 12.145617 18.894482
"652" 7.592403 12.928694 20.260153
"653" 7.946086 13.176397 20.676514
"654" 7.969666 13.38415 22.025524
"655" 8.052193 13.671813 21.767378
"656" 7.368403 13.056541 19.460733
"657" 7.692613 12.808833 20.026981
"658" 7.79872 12.768881 19.943712
"659" 7.397879 12.193561 18.52808
"660" 7.615982 12.337391 18.727938
"661" 8.158297 13.040558 19.9687
"662" 7.739772 12.832805 20.060297
"663" 7.916614 13.040558 21.226109
"664" 7.869456 13.09649 21.159487
"665" 7.893033 13.160418 20.967966
"666" 7.887141 13.184389 21.042912
"667" 8.453032 13.871575 21.858973
"668" 8.311561 13.823631 21.709085
"669" 7.928403 13.440086 20.34342
"670" 8.081665 13.424106 20.493313
"671" 8.052193 13.056541 19.697203
"672" 7.938692 13.282398 19.672031
"673" 8.115247 13.22532 19.655254
"674" 8.272885 13.20086 20.099869
"675" 8.159385 13.608544 20.611593
"676" 8.443134 13.934695 20.938766
"677" 8.834083 14.211922 21.240767
"678" 8.928665 14.578835 22.289383
"679" 8.808862 15.019137 22.759161
"680" 9.086302 15.394208 23.254105
"681" 8.733192 14.774527 22.029316
"682" 8.802553 15.092521 22.465544
"683" 8.512497 14.709299 21.618265
"684" 8.19722 13.983618 20.661934
"685" 8.03958 14.114074 21.098148
"686" 7.755831 13.469935 20.074707
"687" 7.888247 13.633006 20.276039
"688" 7.926081 13.81239 20.527712
"689" 7.257692 12.842097 19.328091
"690" 7.673858 13.429165 20.544477
"691" 7.440553 13.005171 19.906929
"692" 7.308137 13.445472 20.804543
"693" 7.352274 13.57593 21.12332
"694" 7.560358 13.755311 21.047817
"695" 7.831498 14.162999 21.643431
"696" 7.427941 13.796083 21.047817
"697" 7.320749 13.616701 20.636761
"698" 7.352274 13.347627 20.2341
"699" 7.623415 13.510701 20.552868
"700" 7.383802 13.584085 20.796152
"701" 7.585581 13.942848 21.349823
"702" 7.989137 14.236382 21.777653
"703" 8.001747 14.350538 21.911879
"704" 7.383802 13.681929 20.930378
"705" 7.604497 13.624853 20.82132
"706" 7.654943 13.633006 20.89682
"707" 7.724302 13.518855 20.779377
"708" 7.194637 12.654563 19.579758
"709" 7.232471 12.524103 19.420364
"710" 7.308137 12.467026 19.311312
"711" 7.301832 12.279491 18.908642
"712" 7.055916 11.7495 17.969084
"713" 7.40272 12.14088 18.615034
"714" 7.200942 12.14088 18.556313
"715" 7.182026 12.515948 18.70731
"716" 7.074831 12.303952 18.44725
"717" 6.67758 11.390737 16.945631
"718" 6.797387 11.398888 17.197302
"719" 7.081136 11.822884 17.994253
"720" 6.734332 11.431502 17.432194
"721" 6.791081 11.439658 17.50769
"722" 6.627138 11.243969 17.516083
"723" 7.13158 11.896266 18.153637
"724" 7.182026 12.075647 18.262695
"725" 7.345969 12.597486 18.841526
"726" 7.516219 12.621945 18.757645
"727" 7.54775 12.833941 18.984138
"728" 7.894554 13.094862 19.571371
"729" 8.014359 13.486241 19.948875
"730" 8.159385 13.722699 20.729042
"731" 8.102636 13.323168 19.974039
"732" 8.63861 14.236382 21.408541
"733" 8.443134 13.983618 20.921991
"734" 8.59447 13.975461 21.081373
"735" 8.834083 14.277149 21.324656
"736" 8.575554 13.910233 20.653543
"737" 8.165691 13.209015 19.806259
"738" 8.443134 13.42101 19.814651
"739" 8.588162 13.853159 20.301201
"740" 9.086302 14.195612 20.989096
"741" 9.180886 14.464684 21.307871
"742" 9.029551 14.309765 20.82132
"743" 8.815163 13.918387 20.2341
"744" 8.752109 14.057 20.519314
"745" 9.092607 14.684834 21.198822
"746" 9.269165 14.88868 21.207211
"747" 9.143052 14.741913 20.963928
"748" 9.294387 14.994676 21.114923
"749" 9.319608 15.108829 21.17366
"750" 9.275469 15.198524 21.358208
"751" 8.657525 14.415763 20.301201
"752" 8.922359 14.644066 20.720654
"753" 8.745803 14.644066 20.603205
"754" 9.079997 15.076215 21.114923
"755" 9.199802 15.434977 21.802826
"756" 8.953887 15.043598 21.366594
"757" 8.821469 14.913145 21.190437
"758" 9.206109 15.337133 21.819605
"759" 9.262858 15.280059 21.559544
"760" 9.338525 15.777436 22.322937
"761" 9.861885 16.503113 23.472223
"762" 9.767303 16.503113 23.195385
"763" 9.962776 17.073872 24.134945
"764" 9.893412 16.633574 23.7155
"765" 10.328496 17.408176 24.906725
"766" 9.931245 17.057562 24.252388
"767" 10.013219 17.090181 24.260782
"768" 9.508776 16.160656 23.287661
"769" 9.647496 16.568344 23.455446
"770" 9.464636 16.315575 22.968884
"771" 9.868192 17.033108 23.723892
"772" 10.051052 17.130951 23.992331
"773" 10.057359 17.652784 24.395002
"774" 9.874496 17.236952 23.707109
"775" 9.96908 17.538635 23.866499
"776" 10.24022 18.093084 24.445332
"777" 9.887107 17.881092 24.143335
"778" 9.975386 18.402931 25.024172
"779" 10.385246 18.835075 25.603004
"780" 10.820332 19.161226 26.416733
"781" 11.00319 19.275372 26.324451
"782" 10.706832 18.38662 25.057728
"783" 10.656385 18.826923 25.636564
"784" 10.624858 18.574158 25.39328
"785" 10.473523 18.566004 25.376505
"786" 10.732053 18.818769 25.611397
"787" 10.940138 18.761694 25.636564
"788" 11.255414 19.055225 26.257347
"789" 11.129302 18.777996 25.812727
"790" 10.631163 18.036009 24.957064
"791" 10.542884 17.864784 24.453724
"792" 10.391552 17.481564 23.874891
"793" 10.542884 17.506018 23.841333
"794" 10.599634 17.750633 23.690336
"795" 10.158248 16.76403 22.360043
"796" 10.138009 16.84593 22.630148
"797" 10.315092 17.230839 22.883377
"798" 10.542772 17.689449 23.567095
"799" 10.63131 17.673075 24.132639
"800" 10.732501 17.894194 23.541771
"801" 10.624988 17.54204 23.389832
"802" 10.669259 17.795918 23.432037
"803" 10.258172 17.411009 22.630148
"804" 10.194929 17.075241 22.106815
"805" 9.897682 16.624809 21.600357
"806" 9.834437 16.272661 21.465302
"807" 9.960924 16.575672 21.811384
"808" 9.94195 16.40369 21.676325
"809" 10.024169 16.813168 22.106815
"810" 10.378336 17.296354 22.511978
"811" 10.890612 18.049793 23.406715
"812" 10.972832 18.205395 23.676823
"813" 10.928557 18.352806 23.913174
"814" 11.263751 18.786854 24.461832
"815" 11.206834 18.704956 24.60533
"816" 11.187858 18.786854 24.43651
"817" 11.402889 19.401073 25.145548
"818" 11.371268 19.50754 25.348125
"819" 11.523052 19.646759 25.348125
"820" 11.567322 19.310986 24.892317
"821" 11.402889 18.958839 24.242369
"822" 11.769704 19.458399 24.740381
"823" 11.972082 19.818735 25.094904
"824" 12.294627 20.342869 26.048729
"825" 12.288303 20.236403 25.87991
"826" 12.180789 20.269165 25.652006
"827" 12.256681 19.794174 25.356573
"828" 12.3136 19.753223 25.381893
"829" 12.174463 19.532101 25.29748
"830" 12.066947 18.991598 24.858557
"831" 12.35155 19.261854 25.196192
"832" 12.724686 19.540297 25.660448
"833" 12.402143 19.343744 25.162426
"834" 12.092246 18.647633 24.284575
"835" 12.3136 18.917887 24.655977
"836" 12.370522 19.106247 25.010494
"837" 12.332575 19.253656 25.221514
"838" 12.326251 19.597622 26.006529
"839" 12.591876 19.614002 26.090931
"840" 12.604523 19.712275 25.77018
"841" 12.484362 19.589432 25.685766
"842" 12.749986 19.810547 25.744862
"843" 12.882797 19.777792 25.846148
"844" 12.819554 19.474775 25.272161
"845" 12.553929 18.975218 24.740381
"846" 12.522305 18.991598 24.875439
"847" 12.76896 19.523911 25.204634
"848" 12.983987 19.85969 25.660448
"849" 13.357127 20.162701 26.293518
"850" 13.401398 20.023479 26.259758
"851" 13.57848 20.310114 26.842176
"852" 13.553183 20.482094 27.146053
"853" 13.483617 20.604939 27.289543
"854" 13.483617 21.104504 27.770678
"855" 14.116055 21.333805 28.42063
"856" 13.932648 21.251911 28.158964
"857" 13.945293 21.210964 27.990147
"858" 13.799835 20.834244 27.711596
"859" 14.046487 21.325617 28.243376
"860" 14.02119 21.047173 27.627182
"861" 13.780859 20.416576 26.98567
"862" 13.913673 20.21184 26.88438
"863" 14.141353 20.514853 27.331749
"864" 14.204596 20.604939 27.407724
"865" 14.293142 20.867002 27.331749
"866" 13.774541 19.998911 26.361042
"867" 13.559509 19.884256 26.22599
"868" 13.831458 20.334682 26.935026
"869" 14.141353 20.768726 27.720036
"870" 14.31211 20.907949 27.914173
"871" 14.849685 21.333805 28.673862
"872" 14.780116 21.38295 28.707624
"873" 14.824391 21.563118 29.028378
"874" 14.818062 21.522171 29.104351
"875" 15.273418 21.948027 29.585491
"876" 15.380933 21.751472 29.965334
"877" 15.203849 21.702337 29.864035
"878" 15.412557 21.939837 30.243874
"879" 15.248123 21.497599 29.897795
"880" 15.235475 21.350183 29.804951
"881" 15.437854 21.513977 29.864035
"882" 15.273418 21.161829 29.239407
"883" 15.058388 20.563992 28.547239
"884" 14.874983 20.236403 28.547239
"885" 14.204596 19.548489 27.424599
"886" 14.49552 20.187267 28.412188
"887" 13.869405 19.532101 27.205137
"888" 14.090759 19.614002 27.441479
"889" 13.995889 20.031668 28.015469
"890" 14.109731 20.179077 28.066114
"891" 14.248867 20.408388 28.505037
"892" 14.501843 20.392006 28.479723
"893" 15.153253 21.227345 29.332253
"894" 15.197524 21.210964 29.315376
"895" 15.260772 21.301052 29.315376
"896" 14.957199 20.948898 28.640095
"897" 15.248123 21.186398 28.87644
"898" 15.494771 21.38295 29.602369
"899" 15.260772 21.604063 29.593927
"900" 15.1912 21.554928 29.43354
"901" 14.874983 21.227345 28.834236
"902" 14.735844 21.104504 28.530369
"903" 15.045743 21.497599 28.969296
"904" 14.805413 21.309242 29.011501
"905" 15.172232 21.685957 29.458858
"906" 14.432275 21.038988 29.112791
"907" 14.754823 21.219152 28.707624
"908" 15.11531 21.890697 29.222517
"909" 15.102662 21.898891 29.230963
"910" 14.938226 21.497599 28.336222
"911" 14.874983 21.219152 28.327785
"912" 14.628329 21.276484 28.201168
"913" 14.337409 20.801487 27.534327
"914" 14.425949 21.022602 27.78756
"915" 14.590384 21.194584 28.133648
"916" 14.520815 20.973471 28.074558
"917" 14.653626 21.301052 28.564127
"918" 14.438602 21.202776 28.606333
"919" 14.381678 21.407513 28.918653
"920" 14.160328 20.957092 28.42063
"921" 14.248867 21.047173 28.555687
"922" 14.084434 21.170013 28.884159
"923" 14.16573 21.443647 29.053923
"924" 14.360851 21.71644 29.46134
"925" 14.653536 21.807375 29.580172
"926" 14.686055 21.906574 29.597143
"927" 14.835645 21.86524 29.418898
"928" 14.829144 21.650312 29.283094
"929" 14.855154 21.766041 29.12183
"930" 15.427509 22.253773 30.089441
"931" 15.473041 22.377773 30.394999
"932" 15.531573 22.551371 30.785448
"933" 15.460031 22.476969 30.624186
"934" 15.642142 22.592699 30.895784
"935" 15.798241 22.526569 30.827887
"936" 15.277916 22.129772 30.131889
"937" 15.512063 22.352972 30.505346
"938" 15.707184 22.419106 30.437452
"939" 15.375476 22.088438 30.038509
"940" 15.603118 22.113237 30.462906
"941" 15.141334 21.608973 29.665056
"942" 14.634023 21.16258 28.935095
"943" 14.334843 20.732714 28.30699
"944" 14.555972 20.790575 28.527679
"945" 14.295815 20.724445 28.17967
"946" 14.230771 20.625244 28.06933
"947" 14.100692 20.410313 27.772257
"948" 13.723461 20.203648 27.169615
"949" 14.055164 20.583912 28.256063
"950" 14.152724 20.831911 28.536165
"951" 13.977117 20.740976 28.196657
"952" 13.313706 20.112713 26.991375
"953" 13.391753 20.261515 27.229036
"954" 13.307203 20.046585 26.813128
"955" 13.697441 20.443378 27.500643
"956" 13.612892 20.600445 27.356352
"957" 14.087685 21.071644 27.975964
"958" 13.840534 21.07991 27.942011
"959" 14.399875 21.559372 28.748354
"960" 14.555972 21.584177 28.621035
"961" 14.666541 21.840443 28.935095
"962" 14.555972 21.856972 29.002993
"963" 14.751094 21.724709 28.502214
"964" 14.451906 21.179108 27.90806
"965" 14.529957 21.261776 28.06933
"966" 14.19175 21.352711 28.145727
"967" 14.399875 21.41884 28.357922
"968" 14.809633 21.856972 28.722893
"969" 14.887674 22.179373 29.053923
"970" 15.056783 22.344704 29.189724
"971" 14.972229 22.278574 28.884159
"972" 15.355964 22.617504 29.529253
"973" 15.271413 22.667107 29.393438
"974" 15.427509 22.617504 29.393438
"975" 15.479543 22.65884 29.537727
"976" 15.434014 22.741503 29.537727
"977" 15.427509 22.890301 29.622606
"978" 15.264913 22.857239 29.164267
"979" 15.538077 23.187902 29.665056
"980" 15.71369 23.303637 29.953638
"981" 15.596618 23.080433 29.444357
"982" 15.447024 22.923368 29.036947
"983" 15.551084 22.87377 29.028467
"984" 15.772224 23.080433 29.215197
"985" 15.453526 22.708433 28.867188
"986" 15.492553 22.749769 28.340948
"987" 15.499055 22.716703 28.3664
"988" 15.752712 22.997768 28.986021
"989" 15.778728 23.072166 29.062414
"990" 15.616126 23.072166 29.240656
"991" 15.915308 23.493771 29.919682
"992" 16.012871 23.667368 30.51384
"993" 16.116936 23.650837 30.496855
"994" 15.999864 23.452435 30.293152
"995" 15.993358 23.526833 30.488371
"996" 16.12344 23.659101 30.726038
"997" 16.071407 23.617764 30.717539
"998" 16.038887 23.543365 30.581749
"999" 16.338074 23.791368 30.921251
"1000" 16.30555 23.758299 30.878817
"1001" 15.921816 23.204433 30.233734
"1002" 15.817753 23.237499 30.174311
"1003" 16.045389 23.675631 30.819401
"1004" 15.967343 23.617764 30.759979
"1005" 15.856771 23.683901 30.870321
"1006" 15.798241 23.783102 31.557837
"1007" 15.765718 23.84923 31.489929
"1008" 15.186863 23.179632 30.564764
"1009" 15.447024 23.237499 30.929741
"1010" 15.583608 23.659101 31.107988
"1011" 15.245396 23.336702 30.776958
"1012" 15.434014 23.526833 30.997641
"1013" 14.627516 22.840704 30.174311
"1014" 14.503938 22.435638 29.571686
"1015" 13.534842 21.815641 28.57011
"1016" 13.554356 21.79084 28.162697
"1017" 14.588495 22.741503 29.486809
"1018" 14.256787 22.87377 29.495293
"1019" 14.360851 23.278835 29.962112
"1020" 14.2763 23.030836 29.648067
"1021" 13.795004 22.617504 29.113335
"1022" 13.658421 22.352972 28.73988
"1023" 13.294196 22.162842 28.485237
"1024" 12.832412 21.898306 28.026894
"1025" 12.012907 20.831911 26.745228
"1026" 12.546235 21.22871 27.262989
"1027" 12.520218 20.980711 26.711277
"1028" 12.42266 21.022045 26.931957
"1029" 12.318593 21.055111 26.889521
"1030" 13.164114 21.815641 28.111774
"1031" 13.079565 21.633776 27.670408
"1032" 12.66981 21.377512 26.58396
"1033" 13.047042 22.088438 27.831671
"1034" 13.086068 22.047106 27.992943
"1035" 12.409649 21.245241 26.957426
"1036" 12.129978 21.063374 26.719765
"1037" 12.63729 21.41884 27.195082
"1038" 12.66981 21.319643 26.965912
"1039" 13.346227 21.980974 28.213623
"1040" 13.417768 21.980974 28.417332
"1041" 13.51533 22.038836 28.273045
"1042" 13.808014 22.634037 29.062414
"1043" 13.716957 22.675373 29.070904
"1044" 13.684438 22.675373 29.062414
"1045" 13.808014 22.832436 29.317055
"1046" 13.957604 22.741503 29.128485
"1047" 13.697441 22.386038 28.326469
"1048" 13.620605 22.177988 28.207031
"1049" 13.344777 21.803501 27.584181
"1050" 13.423588 21.994905 27.9084
"1051" 13.239703 21.845112 27.507395
"1052" 12.609241 20.829828 26.500605
"1053" 12.464761 20.696686 26.312906
"1054" 12.471326 20.480314 26.099602
"1055" 12.464761 20.480314 26.005747
"1056" 12.661777 20.655073 26.193455
"1057" 13.055817 21.171036 27.131983
"1058" 13.364479 21.345795 27.413538
"1059" 13.462994 21.811819 27.695101
"1060" 13.371049 21.753571 27.550056
"1061" 13.5418 22.003229 27.951063
"1062" 13.614038 21.895041 27.806019
"1063" 13.600904 22.028193 27.797487
"1064" 13.160895 21.370762 26.95281
"1065" 13.200301 21.28754 27.106386
"1066" 13.653444 21.686996 27.746302
"1067" 13.344777 21.345795 27.396475
"1068" 13.765087 21.828465 28.061977
"1069" 13.994943 21.96162 28.189968
"1070" 14.191964 22.11974 28.437399
"1071" 14.139423 22.003229 28.113174
"1072" 14.040912 21.92001 27.985186
"1073" 14.159125 22.069807 28.019314
"1074" 14.152562 22.18631 28.070509
"1075" 14.618839 22.585766 28.940783
"1076" 14.461221 22.460934 28.872519
"1077" 14.612272 22.660666 29.111416
"1078" 14.500625 22.544161 29.13702
"1079" 14.49406 22.369396 28.906654
"1080" 14.631974 22.452616 28.99197
"1081" 14.375846 22.327785 28.804266
"1082" 13.719117 21.553846 27.81455
"1083" 13.68628 21.470625 27.771887
"1084" 13.791358 21.445662 27.618307
"1085" 13.942406 21.412373 27.686567
"1086" 14.191964 22.019873 28.232624
"1087" 14.093453 22.202953 28.1217
"1088" 13.817628 21.895041 27.652435
"1089" 13.85703 21.711956 27.353817
"1090" 13.725684 21.587132 27.242899
"1091" 13.403886 21.162712 26.765104
"1092" 13.371049 21.279219 26.773634
"1093" 13.430155 21.337471 26.679783
"1094" 13.903001 21.903368 27.430611
"1095" 13.80449 21.811819 27.106386
"1096" 13.830757 21.720282 27.046659
"1097" 14.599137 22.169668 27.916937
"1098" 14.612272 22.352749 28.207031
"1099" 14.723916 22.660666 28.505644
"1100" 14.592566 22.477581 28.138767
"1101" 14.730484 22.569122 28.309408
"1102" 14.940637 22.627373 28.283819
"1103" 14.907797 22.668983 28.556837
"1104" 15.255869 22.976894 28.8384
"1105" 15.380646 23.043472 28.829865
"1106" 15.37408 22.968578 28.753077
"1107" 15.236164 23.026829 28.710421
"1108" 15.183629 22.918646 28.590967
"1109" 15.525126 23.11837 29.000505
"1110" 15.459454 23.060116 28.966379
"1111" 15.472588 22.877031 28.846924
"1112" 15.321544 22.718918 28.616562
"1113" 15.728715 23.135014 29.230871
"1114" 15.748417 23.018505 29.102894
"1115" 16.011103 23.143337 29.392981
"1116" 15.846927 23.209911 29.640415
"1117" 15.5908 23.326418 29.640415
"1118" 15.754982 23.576078 30.049953
"1119" 15.617071 23.426283 29.631882
"1120" 15.971706 23.900631 30.416836
"1121" 16.109617 24.05043 30.681326
"1122" 16.070211 23.759157 30.382708
"1123" 16.32634 24.058752 30.84343
"1124" 16.240967 24.133644 30.89463
"1125" 16.096483 24.141972 30.86903
"1126" 16.208128 24.466524 31.355358
"1127" 16.346043 24.358337 31.235901
"1128" 16.313204 24.20022 31.193251
"1129" 16.260668 24.141972 31.338297
"1130" 15.702443 23.642651 30.391235
"1131" 16.070211 23.975525 30.766651
"1132" 15.892899 23.834053 30.587481
"1133" 15.984836 23.792446 30.775175
"1134" 16.339474 24.033781 30.97994
"1135" 16.194994 23.975525 30.997017
"1136" 15.899464 23.692577 30.775175
"1137" 16.063643 23.80077 30.834888
"1138" 16.070211 24.067072 30.971424
"1139" 16.181856 24.158609 31.090855
"1140" 16.536493 24.31673 31.466278
"1141" 16.674404 24.366661 31.466278
"1142" 17.232626 24.907585 32.609577
"1143" 17.252329 24.974163 32.746078
"1144" 17.088148 25.090672 33.010578
"1145" 16.720379 24.841013 32.763153
"1146" 16.792616 25.015774 33.223877
"1147" 16.602171 24.932558 33.522503
"1148" 16.280367 24.458202 32.916725
"1149" 16.293503 24.441561 32.711956
"1150" 15.971706 23.842381 31.969673
"1151" 15.971706 23.900631 32.089111
"1152" 16.30007 24.333374 32.771683
"1153" 16.168724 24.591354 33.095898
"1154" 16.149019 24.591354 33.078838
"1155" 15.571098 24.175257 32.464531
"1156" 15.971706 24.649611 33.019108
"1157" 15.531694 24.449881 32.583973
"1158" 15.709015 24.499809 32.763153
"1159" 15.446322 24.408272 32.703419
"1160" 15.873197 24.999132 33.641956
"1161" 16.247528 25.332006 34.239204
"1162" 16.451118 25.381939 34.546352
"1163" 16.35261 25.431868 34.785255
"1164" 16.378876 25.307043 34.571945
"1165" 16.273798 25.1406 34.239204
"1166" 16.42485 25.190536 34.384254
"1167" 16.549629 25.381939 34.563412
"1168" 16.746651 25.506771 34.887642
"1169" 16.825459 25.49012 34.776707
"1170" 16.510223 25.440193 34.469563
"1171" 16.687546 25.348648 34.571945
"1172" 16.608736 25.282076 34.597549
"1173" 16.608736 25.157249 34.862072
"1174" 16.795273 25.416286 35.206722
"1175" 16.896286 25.517214 35.318737
"1176" 16.970364 25.651779 35.396294
"1177" 16.950159 25.618135 35.223961
"1178" 16.997303 25.794758 35.48246
"1179" 17.125252 26.030249 35.809864
"1180" 17.118521 26.013428 35.844326
"1181" 17.131989 26.072304 35.921886
"1182" 17.233 26.282558 36.120064
"1183" 16.788542 26.005014 35.740952
"1184" 16.674055 26.055481 35.77541
"1185" 16.505701 25.929323 35.31012
"1186" 16.445093 25.946146 35.447983
"1187" 16.465292 25.845221 35.404896
"1188" 16.438356 26.22369 36.033894
"1189" 16.640387 26.442358 36.404415
"1190" 16.754869 26.274147 36.14592
"1191" 16.761604 26.341436 36.318249
"1192" 16.903023 26.484406 36.637047
"1193" 16.889553 26.181637 36.14592
"1194" 16.606712 25.946146 35.809864
"1195" 16.593245 26.005014 35.827114
"1196" 16.855883 26.072304 35.982197
"1197" 16.775074 25.836809 35.749557
"1198" 16.903023 26.274147 36.731831
"1199" 16.855883 26.232098 36.404415
"1200" 16.546106 26.080709 36.404415
"1201" 16.748135 26.316202 37.274677
"1202" 17.084848 26.846056 37.869198
"1203" 17.030977 26.888113 37.843353
"1204" 17.259939 27.089958 37.989834
"1205" 17.414825 27.089958 37.7658
"1206" 17.475433 27.073137 37.91227
"1207" 17.57645 27.106775 37.946743
"1208" 17.488901 26.921749 37.412529
"1209" 17.414825 27.014265 37.688251
"1210" 17.367687 27.098373 37.679642
"1211" 17.52931 27.317039 38.463734
"1212" 17.354216 27.308628 38.27417
"1213" 17.522573 27.712334 38.808388
"1214" 17.717869 27.846899 39.221985
"1215" 17.690931 27.846899 39.256447
"1216" 17.051178 27.417961 38.704998
"1217" 17.118521 27.460018 39.359848
"1218" 17.192593 27.42638 38.756683
"1219" 17.52931 27.905771 39.4977
"1220" 17.583185 28.317879 39.894058
"1221" 17.192593 28.149677 39.359848
"1222" 17.40136 28.284245 39.575253
"1223" 17.583185 28.502907 39.980236
"1224" 17.475433 28.578608 39.911301
"1225" 17.199329 28.200134 39.514942
"1226" 17.32728 28.090799 39.144444
"1227" 17.212797 27.939415 38.816994
"1228" 16.620182 27.207705 37.412529
"1229" 16.815474 27.409557 38.032913
"1230" 16.640387 27.291811 38.11047
"1231" 16.162254 26.846056 37.817497
"1232" 15.791865 26.60216 37.205742
"1233" 15.987159 27.174067 38.317265
"1234" 16.431622 27.317039 38.317265
"1235" 16.802006 27.905771 39.385689
"1236" 16.802006 27.880543 39.351231
"1237" 16.936693 27.964642 39.514942
"1238" 17.28014 28.015106 39.592495
"1239" 17.354216 27.863718 39.837536
"1240" 17.34075 27.653458 39.630451
"1241" 17.616852 27.813257 40.079132
"1242" 17.872759 28.208548 40.458782
"1243" 17.926632 28.267416 40.424271
"1244" 18.135395 28.536549 40.493301
"1245" 18.115191 28.595428 40.588207
"1246" 18.09499 28.763638 40.907455
"1247" 18.384562 28.772038 40.510559
"1248" 18.371096 28.57019 40.50193
"1249" 18.559652 28.839333 40.760792
"1250" 18.60006 28.393572 39.85479
"1251" 18.243143 27.855307 38.707211
"1252" 18.384562 27.897356 38.741714
"1253" 18.424969 27.914181 38.983315
"1254" 18.337418 27.846899 39.233543
"1255" 18.09499 27.552536 38.620926
"1256" 18.121925 27.846899 39.09549
"1257" 18.660666 28.242189 39.863426
"1258" 18.882898 28.460859 40.14817
"1259" 18.903099 28.275827 39.811649
"1260" 19.004114 28.359934 40.01873
"1261" 19.044521 28.368347 40.113651
"1262" 19.091663 28.351524 40.061878
"1263" 19.037788 28.343113 40.665867
"1264" 18.808821 28.435633 40.105026
"1265" 18.519249 27.880543 39.060974
"1266" 18.061314 27.552536 38.387966
"1267" 17.78521 26.946985 37.473354
"1268" 18.101723 27.148836 37.671803
"1269" 18.310486 27.460018 38.344814
"1270" 18.404764 27.577763 38.500126
"1271" 18.041115 27.031086 37.309402
"1272" 17.933369 26.946985 37.240379
"1273" 17.650522 26.719904 36.981514
"1274" 17.643791 26.711491 36.757175
"1275" 17.78521 26.837652 36.774448
"1276" 17.946835 27.249758 37.464706
"1277" 18.101723 27.308628 37.507851
"1278" 17.926632 27.199295 37.499226
"1279" 17.354216 26.711491 36.877979
"1280" 17.475433 26.989035 37.421562
"1281" 17.414825 27.266575 38.025566
"1282" 17.711132 27.375912 38.249893
"1283" 17.872759 27.401148 38.448353
"1284" 17.993973 27.67028 38.767597
"1285" 17.57645 26.888113 37.749447
"1286" 17.556246 26.862879 37.714943
"1287" 17.435026 26.787184 37.689045
"1288" 17.360954 26.341436 36.8521
"1289" 17.495636 26.375074 36.8521
"1290" 17.179129 26.139584 36.774448
"1291" 17.408094 26.400305 37.257637
"1292" 17.057909 25.937729 36.515583
"1293" 17.105051 25.828398 35.946106
"1294" 17.549511 26.299379 36.714035
"1295" 17.064644 25.761112 35.971996
"1296" 16.909758 25.483572 35.790791
"1297" 17.111786 25.433104 35.730404
"1298" 16.99057 25.508799 35.739025
"1299" 17.293612 26.114351 36.627739
"1300" 17.153177 26.060165 36.567364
"1301" 17.057278 25.763838 36.287888
"1302" 16.879166 25.399773 35.638947
"1303" 16.851765 25.526772 35.742786
"1304" 17.187429 25.967035 36.711845
"1305" 17.454594 26.458096 37.265591
"1306" 17.84506 26.813688 37.776085
"1307" 17.975218 27.008421 38.09621
"1308" 17.680653 27.084625 38.47694
"1309" 17.564198 26.957624 38.4077
"1310" 17.86561 27.118488 38.91819
"1311" 17.776556 27.042292 38.61536
"1312" 17.276484 26.475029 37.67226
"1313" 17.029873 26.585094 37.680904
"1314" 17.351837 26.949158 38.104874
"1315" 17.125776 26.745958 37.836662
"1316" 17.023026 27.059225 38.848972
"1317" 16.851765 26.754427 38.675926
"1318" 17.255938 27.177757 39.255634
"1319" 17.454594 27.296293 39.298897
"1320" 17.742304 27.592621 39.869942
"1321" 17.86561 27.609556 40.112202
"1322" 17.6327 27.575687 39.973774
"1323" 17.797106 27.338621 39.792084
"1324" 17.5916 26.585094 38.857624
"1325" 17.440893 26.551226 38.632664
"1326" 17.269634 26.195631 38.191402
"1327" 17.290186 26.246435 38.174099
"1328" 16.769564 25.602966 37.222336
"1329" 16.584602 25.729967 37.101196
"1330" 15.4132 24.493845 34.453587
"1331" 15.262495 24.070515 34.064243
"1332" 14.036288 22.758198 31.442583
"1333" 15.406351 24.028181 33.147087
"1334" 14.680217 23.64719 32.299164
"1335" 15.557057 24.612379 33.744106
"1336" 15.646108 24.570044 33.951744
"1337" 16.310591 25.13731 35.024647
"1338" 15.974924 24.773245 34.367065
"1339" 16.255787 24.925642 34.548759
"1340" 15.488552 23.901188 32.601986
"1341" 15.296747 23.537121 32.091496
"1342" 15.317296 23.621788 32.004982
"1343" 16.022877 24.231382 33.138439
"1344" 15.947525 24.349915 33.242252
"1345" 15.687213 24.146717 32.66256
"1346" 16.077681 24.299114 33.372044
"1347" 16.536648 24.798645 34.28054
"1348" 16.522951 25.018774 34.566067
"1349" 16.673658 25.306639 34.773727
"1350" 16.502399 25.272774 34.522816
"1351" 16.08453 24.824045 33.770039
"1352" 15.714614 24.527714 33.467228
"1353" 16.324293 25.010309 34.58337
"1354" 15.974924 24.840977 34.29784
"1355" 15.468003 24.078985 33.155743
"1356" 15.235091 23.697989 33
"1357" 15.269344 23.926584 33.181694
"1358" 15.132337 23.977385 33.501827
"1359" 15.399502 24.45998 34.05558
"1360" 15.522806 24.282185 33.995018
"1361" 15.084388 23.791121 33.415306
"1362" 14.995332 23.774185 33.216309
"1363" 14.447307 22.927526 31.849245
"1364" 13.652671 21.708338 29.902468
"1365" 13.748574 21.53054 29.391972
"1366" 14.111642 22.038536 30.388426
"1367" 14.550062 22.453398 30.831106
"1368" 14.159592 21.809937 29.589882
"1369" 14.214396 21.945402 29.815552
"1370" 13.741723 21.581339 29.043041
"1371" 13.289601 20.793945 27.940685
"1372" 13.591017 20.624615 28.600368
"1373" 13.981483 21.522076 29.763468
"1374" 14.591162 22.174004 30.518635
"1375" 14.680217 21.801472 29.971798
"1376" 15.358397 22.673529 31.36059
"1377" 15.324145 22.512669 31.351908
"1378" 15.598161 23.029127 31.673061
"1379" 15.652962 22.715862 31.551544
"1380" 15.974924 23.291594 32.775402
"1381" 15.536507 22.698931 32.054977
"1382" 15.769415 23.071461 32.983734
"1383" 15.481702 22.580399 32.341419
"1384" 15.440602 22.639662 32.488972
"1385" 15.769415 23.054529 33.148643
"1386" 16.276337 23.57099 33.86039
"1387" 15.837922 23.156124 33.21809
"1388" 16.063978 23.587921 33.895126
"1389" 17.23538 24.510782 35.422794
"1390" 17.036724 24.544647 35.796032
"1391" 16.262636 23.909653 34.259678
"1392" 15.65981 23.130728 33.192047
"1393" 15.851619 23.435524 34.164196
"1394" 16.180435 24.036648 35.084274
"1395" 16.105083 23.748789 35.058231
"1396" 16.214687 23.909653 35.344677
"1397" 16.420195 24.053583 35.752621
"1398" 15.591309 23.105326 34.146839
"1399" 15.844769 23.122257 34.554798
"1400" 16.30374 23.604853 35.309944
"1401" 15.92012 23.350859 34.884636
"1402" 15.954375 23.215391 34.893318
"1403" 15.605011 23.096859 34.433277
"1404" 15.276194 22.487261 33.443764
"1405" 15.248791 22.52113 33.270164
"1406" 14.776122 22.004673 32.619175
"1407" 14.782969 22.021603 32.428211
"1408" 14.262346 21.386608 31.334538
"1409" 14.180145 21.132608 31.091509
"1410" 14.817225 21.793003 32.237263
"1411" 14.995332 22.131668 32.697277
"1412" 15.933823 23.249254 34.658951
"1413" 15.783117 23.19846 34.476681
"1414" 15.968078 23.020658 34.34647
"1415" 16.228386 23.206926 34.676308
"1416" 16.029726 23.215391 34.754425
"1417" 16.118782 23.350859 34.511391
"1418" 15.591309 22.648132 33.383007
"1419" 15.858469 22.952927 34.155525
"1420" 15.372101 22.478798 33.226768
"1421" 15.187139 22.038536 32.697277
"1422" 14.981631 21.53054 31.699095
"1423" 14.995332 21.539005 31.560221
"1424" 14.995332 21.809937 32.002899
"1425" 14.632266 21.505142 31.265102
"1426" 15.163629 21.99711 32.497654
"1427" 15.170692 22.203178 32.810135
"1428" 15.312013 22.563786 33.177994
"1429" 15.396808 22.666817 33.404648
"1430" 15.368539 22.589539 33.343628
"1431" 14.916318 22.23752 32.602669
"1432" 15.156564 22.486511 32.994926
"1433" 15.149496 22.838531 33.125694
"1434" 15.601721 23.52541 34.189205
"1435" 15.785437 23.482475 34.337399
"1436" 15.580521 23.336519 34.136913
"1437" 15.375604 23.096111 33.945118
"1438" 15.425068 23.164799 34.058449
"1439" 15.721841 23.465303 34.503025
"1440" 15.813699 23.353687 34.163059
"1441" 15.88436 23.473888 34.023571
"1442" 15.757169 23.293587 33.709755
"1443" 15.88436 23.430962 33.857948
"1444" 16.166998 23.722883 34.450726
"1445" 16.138735 23.86026 34.511745
"1446" 16.209394 23.825914 34.433292
"1447" 16.265923 24.246624 34.84301
"1448" 16.138735 23.920361 34.668648
"1449" 16.55563 24.341068 35.392193
"1450" 16.605091 24.203693 35.052216
"1451" 16.675753 24.263794 35.165539
"1452" 16.513233 24.100662 34.930168
"1453" 16.548565 24.135006 34.799416
"1454" 16.718147 24.349657 34.991196
"1455" 16.725214 24.435513 35.243992
"1456" 16.972521 24.710266 35.73217
"1457" 16.866533 24.564302 35.97625
"1458" 16.859468 24.469858 36.063419
"1459" 16.887732 24.478443 35.941376
"1460" 16.873598 24.418343 35.967529
"1461" 16.442574 24.040562 35.531666
"1462" 16.711079 24.160765 35.706013
"1463" 16.48497 24.066319 35.688576
"1464" 16.435507 24.117836 35.688576
"1465" 16.513233 24.452688 36.290066
"1466" 16.386045 24.366823 36.307499
"1467" 16.619226 24.684504 36.656193
"1468" 16.590958 24.787537 36.760803
"1469" 16.760544 24.899151 37.065907
"1470" 16.788809 24.813295 37.083347
"1471" 16.817068 24.770361 36.917713
"1472" 16.824139 24.985012 36.952576
"1473" 16.781742 24.916321 36.420834
"1474" 16.887732 25.173903 36.847977
"1475" 16.760544 24.942083 36.342373
"1476" 16.612158 24.581476 35.889072
"1477" 16.068075 23.963287 35.156818
"1478" 16.159935 24.031973 35.444489
"1479" 16.393112 24.452688 35.828053
"1480" 16.357779 24.547131 35.889072
"1481" 16.223526 24.332481 35.461933
"1482" 16.569761 24.718851 35.897793
"1483" 16.378981 24.315311 35.33989
"1484" 16.590958 24.495615 35.479362
"1485" 16.689882 24.658745 35.889072
"1486" 16.767607 24.69309 36.089573
"1487" 16.40724 24.495615 35.531666
"1488" 16.329514 24.512785 35.243992
"1489" 16.166998 24.135006 34.415863
"1490" 16.393112 24.35824 34.851719
"1491" 16.647486 24.787537 35.125145
"1492" 16.499102 24.581476 34.758259
"1493" 16.5203 24.349657 34.216652
"1494" 16.527369 24.298136 34.155499
"1495" 16.612158 24.332481 34.435032
"1496" 16.696945 24.727436 34.836872
"1497" 16.435507 24.35824 34.487453
"1498" 16.237659 23.928942 33.849773
"1499" 16.336584 23.791571 33.596439
